<?xml version="1.0"?>
<opencv_storage>
<imgParam>
  <_><param1>
      2.4637700000000000e+003 1.7554000000000001e+003 1668. 0. 0. 0.</param1>
    <param2>
      2471. 1703. 1650. -2.0000000000000001e-001 0. 0.</param2></_></imgParam>
</opencv_storage>
