<?xml version="1.0"?>
<opencv_storage>
<imgParam>
  <_><param1>
      2302. 1640. 1.6416600000000001e+003 0.</param1>
    <param2>
      2288. 1745. 1.6456600000000001e+003 -2.0000000000000001e-001</param2></_></imgParam>
</opencv_storage>
